[64, 'AND', 65, 124, -1, -1]
[65, 'AND', 205, 105, -1, -1]
[66, 'AND', 66, 127, -1, -1]
[67, 'XOR', 30, 162, 1, -1]
[68, 'AND', 162, 107, -1, -1]
[69, 'AND', 156, 169, -1, -1]
[70, 'XOR', 61, 67, 1, -1]
[71, 'AND', 67, 108, -1, -1]
[72, 'AND', 212, 120, -1, -1]
[73, 'XOR', 28, 68, 1, -1]
[74, 'AND', 68, 116, -1, -1]
[75, 'AND', 167, 125, -1, -1]
[76, 'XOR', 59, 69, 1, -1]
[77, 'AND', 69, 164, -1, -1]
[78, 'AND', 71, 128, -1, -1]
[79, 'XOR', 26, 210, 1, -1]
[80, 'AND', 210, 183, -1, -1]
[81, 'AND', 72, 122, -1, -1]
[82, 'XOR', 25, 166, 1, -1]
[83, 'AND', 166, 116, -1, -1]
[84, 'AND', 73, 200, -1, -1]
[85, 'XOR', 24, 74, 1, -1]
[86, 'AND', 74, 115, -1, -1]
[87, 'AND', 75, 118, -1, -1]
[88, 'XOR', 23, 185, 1, -1]
[89, 'AND', 185, 104, -1, -1]
[90, 'XOR', 22, 76, 1, -1]
[91, 'AND', 75, 181, -1, -1]
[92, 'AND', 76, 209, -1, -1]
[93, 'AND', 206, 172, -1, -1]
[94, 'XOR', 53, 77, 1, -1]
[95, 'AND', 77, 110, -1, -1]
[96, 'XOR', 20, 78, 1, -1]
[97, 'AND', 168, 129, -1, -1]
[98, 'AND', 78, 106, -1, -1]
[99, 'AND', 80, 121, -1, -1]
[100, 'XOR', 19, 216, 1, -1]
[101, 'AND', 216, 109, -1, -1]
[102, 'AND', 80, 123, -1, -1]
[103, 'XOR', 18, 175, 1, -1]
[104, 'AND', 175, 111, -1, -1]
[105, 'AND', 82, 125, -1, -1]
[106, 'XOR', 17, 83, 1, -1]
[107, 'AND', 83, 107, -1, -1]
[108, 'AND', 84, 203, -1, -1]
[109, 'XOR', 48, 83, 1, -1]
[110, 'AND', 83, 114, -1, -1]
[111, 'AND', 84, 126, -1, -1]
[112, 'XOR', 15, 86, 1, -1]
[113, 'AND', 86, 118, -1, -1]
[114, 'XOR', 14, 86, 1, -1]
[115, 'AND', 193, 192, -1, -1]
[116, 'AND', 86, 113, -1, -1]
[117, 'XOR', 13, 87, 1, -1]
[118, 'AND', 184, 218, -1, -1]
[119, 'AND', 87, 208, -1, -1]
[120, 'AND', 89, 129, -1, -1]
[121, 'XOR', 12, 191, 1, -1]
[122, 'AND', 191, 112, -1, -1]
[123, 'AND', 89, 177, -1, -1]
[124, 'XOR', 11, 160, 1, -1]
[125, 'AND', 160, 108, -1, -1]
[126, 'AND', 91, 119, -1, -1]
[127, 'XOR', 10, 92, 1, -1]
[128, 'AND', 92, 207, -1, -1]
[129, 'AND', 92, 126, -1, -1]
[130, 'XOR', 9, 93, 1, -1]
[131, 'AND', 93, 115, -1, -1]
[132, 'AND', 93, 119, -1, -1]
[133, 'XOR', 8, 94, 1, -1]
[134, 'AND', 94, 111, -1, -1]
[135, 'AND', 217, 179, -1, -1]
[136, 'XOR', 7, 95, 1, -1]
[137, 'AND', 95, 110, -1, -1]
[138, 'XOR', 6, 96, 1, -1]
[139, 'AND', 174, 128, -1, -1]
[140, 'AND', 96, 113, -1, -1]
[141, 'AND', 98, 130, -1, -1]
[142, 'XOR', 5, 99, 1, -1]
[143, 'AND', 99, 173, -1, -1]
[144, 'XOR', 4, 163, 1, -1]
[145, 'AND', 98, 117, -1, -1]
[146, 'AND', 163, 105, -1, -1]
[147, 'AND', 100, 123, -1, -1]
[148, 'XOR', 3, 101, 1, -1]
[149, 'AND', 101, 201, -1, -1]
[150, 'AND', 102, 122, -1, -1]
[151, 'XOR', 2, 101, 1, -1]
[152, 'AND', 101, 214, -1, -1]
[153, 'AND', 104, 120, -1, -1]
[154, 'AND', 187, 120, -1, -1]
[155, 'AND', 32, 0, 1, 1]
[156, 'AND', 105, 124, -1, -1]
[157, 'AND', 187, 155, -1, 1]
[158, 'AND', 35, 3, -1, -1]
[159, 'AND', 36, 4, -1, -1]
[160, 'AND', 55, 23, -1, -1]
[161, 'AND', 37, 5, -1, -1]
[162, 'AND', 31, 63, -1, -1]
[163, 'AND', 52, 20, -1, -1]
[164, 'AND', 49, 17, -1, -1]
[165, 'AND', 54, 22, -1, -1]
[166, 'AND', 61, 29, -1, -1]
[167, 'AND', 62, 30, -1, -1]
[168, 'AND', 59, 27, -1, -1]
[169, 'AND', 43, 11, -1, -1]
[170, 'AND', 51, 19, -1, -1]
[171, 'AND', 39, 7, -1, -1]
[172, 'AND', 42, 10, -1, -1]
[173, 'AND', 50, 18, -1, -1]
[174, 'AND', 53, 21, -1, -1]
[175, 'AND', 58, 26, -1, -1]
[176, 'AND', 40, 8, -1, -1]
[177, 'AND', 44, 12, -1, -1]
[178, 'AND', 38, 6, -1, -1]
[179, 'AND', 45, 13, -1, -1]
[180, 'AND', 41, 9, -1, -1]
[181, 'AND', 46, 14, -1, -1]
[182, 'AND', 1, 33, -1, -1]
[183, 'AND', 48, 16, -1, -1]
[184, 'AND', 56, 24, -1, -1]
[185, 'AND', 60, 28, -1, -1]
[186, 'AND', 34, 2, -1, -1]
[187, 'AND', 47, 15, -1, -1]
[188, 'AND', 57, 25, -1, -1]
[189, 'AND', 22, 54, 1, 1]
[190, 'AND', 4, 36, 1, 1]
[191, 'AND', 23, 55, 1, 1]
[192, 'AND', 10, 42, 1, 1]
[193, 'AND', 24, 56, 1, 1]
[194, 'AND', 8, 40, 1, 1]
[195, 'AND', 1, 33, 1, 1]
[196, 'AND', 7, 39, 1, 1]
[197, 'AND', 28, 60, 1, 1]
[198, 'AND', 19, 51, 1, 1]
[199, 'AND', 2, 34, 1, 1]
[200, 'AND', 13, 45, 1, 1]
[201, 'AND', 18, 50, 1, 1]
[202, 'AND', 25, 57, 1, 1]
[203, 'AND', 11, 43, 1, 1]
[204, 'AND', 3, 35, 1, 1]
[205, 'AND', 31, 63, 1, 1]
[206, 'AND', 27, 59, 1, 1]
[207, 'AND', 16, 48, 1, 1]
[208, 'AND', 15, 47, 1, 1]
[209, 'AND', 17, 49, 1, 1]
[210, 'AND', 29, 61, 1, 1]
[211, 'AND', 9, 41, 1, 1]
[212, 'AND', 30, 62, 1, 1]
[213, 'AND', 6, 38, 1, 1]
[214, 'AND', 14, 46, 1, 1]
[215, 'AND', 20, 52, 1, 1]
[216, 'AND', 26, 58, 1, 1]
[217, 'AND', 21, 53, 1, 1]
[218, 'AND', 12, 44, 1, 1]
[219, 'AND', 5, 37, 1, 1]
[220, 'XOR', 0, 32, 1, 1]
[221, 'XOR', 154, 155, 1, 1]
[222, 'XOR', 34, 151, 1, 1]
[223, 'XOR', 35, 148, 1, 1]
[224, 'XOR', 36, 144, 1, 1]
[225, 'XOR', 37, 142, 1, 1]
[226, 'XOR', 38, 138, 1, 1]
[227, 'XOR', 39, 136, 1, 1]
[228, 'XOR', 40, 133, 1, 1]
[229, 'XOR', 41, 130, 1, 1]
[230, 'XOR', 42, 127, 1, 1]
[231, 'XOR', 43, 124, 1, 1]
[232, 'XOR', 44, 121, 1, 1]
[233, 'XOR', 45, 117, 1, 1]
[234, 'XOR', 46, 114, 1, 1]
[235, 'XOR', 47, 112, 1, 1]
[236, 'XOR', 16, 109, 1, 1]
[237, 'XOR', 49, 106, 1, 1]
[238, 'XOR', 50, 103, 1, 1]
[239, 'XOR', 51, 100, 1, 1]
[240, 'XOR', 52, 96, 1, 1]
[241, 'XOR', 21, 94, 1, 1]
[242, 'XOR', 54, 90, 1, 1]
[243, 'XOR', 55, 88, 1, 1]
[244, 'XOR', 56, 85, 1, 1]
[245, 'XOR', 57, 82, 1, 1]
[246, 'XOR', 58, 79, 1, 1]
[247, 'XOR', 27, 76, 1, 1]
[248, 'XOR', 60, 73, 1, 1]
[249, 'XOR', 29, 70, 1, 1]
[250, 'XOR', 62, 67, 1, 1]
[251, 'XOR', 66, 103, 1, -1]
[252, 'INV', 64, -1]
