189 253
32 32 33

2 1 65 124 64 AND4
2 1 205 105 65 AND4
2 1 66 127 66 AND4
2 1 30 162 67 NXOR
2 1 162 107 68 AND4
2 1 156 169 69 AND4
2 1 61 67 70 NXOR
2 1 67 108 71 AND4
2 1 212 120 72 AND4
2 1 28 68 73 NXOR
2 1 68 116 74 AND4
2 1 167 125 75 AND4
2 1 59 69 76 NXOR
2 1 69 164 77 AND4
2 1 71 128 78 AND4
2 1 26 210 79 NXOR
2 1 210 183 80 AND4
2 1 72 122 81 AND4
2 1 25 166 82 NXOR
2 1 166 116 83 AND4
2 1 73 200 84 AND4
2 1 24 74 85 NXOR
2 1 74 115 86 AND4
2 1 75 118 87 AND4
2 1 23 185 88 NXOR
2 1 185 104 89 AND4
2 1 22 76 90 NXOR
2 1 75 181 91 AND4
2 1 76 209 92 AND4
2 1 206 172 93 AND4
2 1 53 77 94 NXOR
2 1 77 110 95 AND4
2 1 20 78 96 NXOR
2 1 168 129 97 AND4
2 1 78 106 98 AND4
2 1 80 121 99 AND4
2 1 19 216 100 NXOR
2 1 216 109 101 AND4
2 1 80 123 102 AND4
2 1 18 175 103 NXOR
2 1 175 111 104 AND4
2 1 82 125 105 AND4
2 1 17 83 106 NXOR
2 1 83 107 107 AND4
2 1 84 203 108 AND4
2 1 48 83 109 NXOR
2 1 83 114 110 AND4
2 1 84 126 111 AND4
2 1 15 86 112 NXOR
2 1 86 118 113 AND4
2 1 14 86 114 NXOR
2 1 193 192 115 AND4
2 1 86 113 116 AND4
2 1 13 87 117 NXOR
2 1 184 218 118 AND4
2 1 87 208 119 AND4
2 1 89 129 120 AND4
2 1 12 191 121 NXOR
2 1 191 112 122 AND4
2 1 89 177 123 AND4
2 1 11 160 124 NXOR
2 1 160 108 125 AND4
2 1 91 119 126 AND4
2 1 10 92 127 NXOR
2 1 92 207 128 AND4
2 1 92 126 129 AND4
2 1 9 93 130 NXOR
2 1 93 115 131 AND4
2 1 93 119 132 AND4
2 1 8 94 133 NXOR
2 1 94 111 134 AND4
2 1 217 179 135 AND4
2 1 7 95 136 NXOR
2 1 95 110 137 AND4
2 1 6 96 138 NXOR
2 1 174 128 139 AND4
2 1 96 113 140 AND4
2 1 98 130 141 AND4
2 1 5 99 142 NXOR
2 1 99 173 143 AND4
2 1 4 163 144 NXOR
2 1 98 117 145 AND4
2 1 163 105 146 AND4
2 1 100 123 147 AND4
2 1 3 101 148 NXOR
2 1 101 201 149 AND4
2 1 102 122 150 AND4
2 1 2 101 151 NXOR
2 1 101 214 152 AND4
2 1 104 120 153 AND4
2 1 187 120 154 AND4
2 1 32 0 155 AND1
2 1 105 124 156 AND4
2 1 187 155 157 AND3
2 1 35 3 158 AND4
2 1 36 4 159 AND4
2 1 55 23 160 AND4
2 1 37 5 161 AND4
2 1 31 63 162 AND4
2 1 52 20 163 AND4
2 1 49 17 164 AND4
2 1 54 22 165 AND4
2 1 61 29 166 AND4
2 1 62 30 167 AND4
2 1 59 27 168 AND4
2 1 43 11 169 AND4
2 1 51 19 170 AND4
2 1 39 7 171 AND4
2 1 42 10 172 AND4
2 1 50 18 173 AND4
2 1 53 21 174 AND4
2 1 58 26 175 AND4
2 1 40 8 176 AND4
2 1 44 12 177 AND4
2 1 38 6 178 AND4
2 1 45 13 179 AND4
2 1 41 9 180 AND4
2 1 46 14 181 AND4
2 1 1 33 182 AND4
2 1 48 16 183 AND4
2 1 56 24 184 AND4
2 1 60 28 185 AND4
2 1 34 2 186 AND4
2 1 47 15 187 AND4
2 1 57 25 188 AND4
2 1 22 54 189 AND1
2 1 4 36 190 AND1
2 1 23 55 191 AND1
2 1 10 42 192 AND1
2 1 24 56 193 AND1
2 1 8 40 194 AND1
2 1 1 33 195 AND1
2 1 7 39 196 AND1
2 1 28 60 197 AND1
2 1 19 51 198 AND1
2 1 2 34 199 AND1
2 1 13 45 200 AND1
2 1 18 50 201 AND1
2 1 25 57 202 AND1
2 1 11 43 203 AND1
2 1 3 35 204 AND1
2 1 31 63 205 AND1
2 1 27 59 206 AND1
2 1 16 48 207 AND1
2 1 15 47 208 AND1
2 1 17 49 209 AND1
2 1 29 61 210 AND1
2 1 9 41 211 AND1
2 1 30 62 212 AND1
2 1 6 38 213 AND1
2 1 14 46 214 AND1
2 1 20 52 215 AND1
2 1 26 58 216 AND1
2 1 21 53 217 AND1
2 1 12 44 218 AND1
2 1 5 37 219 AND1
2 1 0 32 220 XOR
2 1 154 155 221 XOR
2 1 34 151 222 XOR
2 1 35 148 223 XOR
2 1 36 144 224 XOR
2 1 37 142 225 XOR
2 1 38 138 226 XOR
2 1 39 136 227 XOR
2 1 40 133 228 XOR
2 1 41 130 229 XOR
2 1 42 127 230 XOR
2 1 43 124 231 XOR
2 1 44 121 232 XOR
2 1 45 117 233 XOR
2 1 46 114 234 XOR
2 1 47 112 235 XOR
2 1 16 109 236 XOR
2 1 49 106 237 XOR
2 1 50 103 238 XOR
2 1 51 100 239 XOR
2 1 52 96 240 XOR
2 1 21 94 241 XOR
2 1 54 90 242 XOR
2 1 55 88 243 XOR
2 1 56 85 244 XOR
2 1 57 82 245 XOR
2 1 58 79 246 XOR
2 1 27 76 247 XOR
2 1 60 73 248 XOR
2 1 29 70 249 XOR
2 1 62 67 250 XOR
2 1 66 103 251 NXOR
2 1 64 252 INV
