Running Executor.
Partner has connected to us.
2745B095FBF01B374E0C54111305A822
56B878E95C300D18B9CD5F27A72E2A72
0F93035FF10DB2876F4A8BB052487ED2
C87BF087496E321F35985FB3836D1E95

Total time without connection setup
CPU time  : 7.130000
Wall time : 7.368828

>>>>>>>>>   0
>>>>>>>>>   1
>>>>>>>>>   2
108096794057721453329016373998124016992
165074289104385380799858138996282424467

186192684804429026980838661106106948597
243440777351849125763234807748739116015

90427106284941878394345043859265100846
282799585010577767177323377073493394029

175795400728977133256649549958796220221
151780999796571150612616534568358579242

203494912398416260477247253145358992068
25434034086435149239282478822301090423

147259429503736053884713440626626718410
222566964318746239685597885627298353467

266298016962992267917227161822727853983
164661519032710861857405396274509821811

12871227708230706372520409564843905280
6969632027825056274251272984425718888

256877457394149578961057421374661922064
11839535452674864343917362569491733099

303788370718781391749052722336570661932
167012497577901666511065539028155137890

2696451388922264387447229353915686779
59965342374862088673705043893954666674

97361897365707668181476371962485415905
184420967755573079406682361323116360252

125037438632245575814491512209532061418
277760748001223625711463701654560514615

256026305141637109807897099569819619969
99247890715958198023230277426645643104

198467027032741746746798777108653228135
262087201367498560107170063812231384085

235946171721032559677740233124397437781
181320753888001173641977472374775037537

242742580402670320842803515688621959455
102733884391655639337261722939403324342

138888388348187771977009977968554745898
6902165197656148741270084101829213623

20483465658935509550334242573215236527
123467072249606575860553681461336741966

134117275810150684371521768166452037149
19612138844425477814516373847704996188

305699689204304005762103384047986929838
147539507824984671691532856317453529533

287125157725061369295388776113734544726
265821354687847507359366812129354968514

220437840696897988076852910956173095868
97236187343143836480733583239801489434

261715885152700439014551454343846588621
187761861311932712441207669472049492726

246914144995624266162674591360085554586
197111260297345844954241999459118721185

273331987255312355022133164666237368870
267914360097987333235194024131017417855

125531564164483339788452969054013614730
123481527924437060901933015361302993235

9432230434887607113083033678015921216
93241532455443779994504255527531043723

292447500534592812289901367277906868454
254099191663652113716901046861851260548

30826238945041929749486227763575353234
145416150888369655268598862298608767298

112232994801376474992863765109187963361
44101296495595370816683817285618885224

163889718034145682567593656025422500634
185137884998604787238848686148632460385

268369468114387629694751229117794878044
206838377454685151965358943481098271929

>>>>>>>>>   3
10455367237028771652467643568580528573
291101479997200684029586537653052261527

57421878404869287293142629668850302925
149424816365343615777253238341255468223

75984956343466944523109660342036965558
277176819132705078793779858216609055865

140004861184878844220581984036561442897
267248216133457847083419864827506057148

170700820626014002648332185761052322287
9929072897900250958844141484400888823

73920881312986030047844283811150967021
138968432147346773167935414850945595161

181811558484024896066277146946803829218
222945217903333236795734901804402358732

264827743879869796622942711740233292230
175012412552257540602056259272009202809

305733359934321504617081806425473401211
23657432401465829534306815242532006439

242947656611257386983810922371070127247
278300544092446064562677955247097025097

74817738955640341439949722088130490582
115112402830541861075251746143428791049

227436622555609464260834884447186568702
232657800461228003638101852203016482454

151133068817406381420973283279910576508
11532237077691636621491100157092302926

84093835131420733899276189723871312726
3892317710391188026747951516166802360

249191988766420033054695766023011754223
229828219212729552473616667851450793870

47350059370607663673859762512253420770
281132587111874926795776154140536146578

107979380988003888764035346440783004188
24222853693740397207497318360485037144

187546929116629171693789440134791592223
198954661194462241331601429607990936614

131498614501524873595636024589633446861
243090213728706534233589427347286023089

253297794284328238647206450341966295210
30587645197716468961520134313381858613

270828561780589299290750584369497956187
10015538169962316521733784760802452361

291337261864596203013372762224226565322
197991540700093854860689116727293812158

283650069894491090142829711987160952536
88054601610621281752918376335607391223

133873011627341845867528000060361281701
235939080022549268643998682072666946657

62648928667575592022265314479913080599
207716658921259935232492313841731868623

125010817625951561877792420162178923865
283023975970613558300802522977313524004

201258194317254342484561956415036694935
99388749913340924261521912934188710568

297288827867516308268893116065995809011
278478205836596590021660340031425446598

80916718968020107549567045159682788770
108314492347195128302743451690628744647

219470060423858927018254045640169693128
16586244161463926086550539600663759969

265448372381568199461802484003181642631
47711698461188449958811747006722416559

149040877892284896311094513193440934137
159375469566519903068422098236890391114

249937273996058295194777931011769357647
171542130675327337567126050759801364380

>>>>>>>>>   0
>>>>>>>>>   1
>>>>>>>>>   2
268035958267471896879415597899664482751
155304074574435870241459561849604969562

205455705186385742605210182747644025085
295518526623352925140584169413211985349

145186293625806894244196246499401562152
182991179897117037168725550413872584853

276470439918560354096205068565770234820
11359260587668679650143690572854923637

230894935576901712785796490370102187318
293237359696585899671960552436904466786

304123531666241020260215352139415643666
35493047755392765132646338284870582560

304542000312750031560040606785384980976
19040048742763441883784375469044737739

266800023826788389786584378228862501627
37096396771241753364797362264742934979

204640013929945608905385075449016145732
68618444400932949403214895681293920371

261207356474744963447119583503647229850
78194665813130937895450873908272916298

244242752036063197870224761346406305296
71379564874941207803783024980165008222

225456333893126259499095361438026563334
281097685360466595726114314518371947337

175670724903921644281129720159656323646
41136830990460950772745099861867078508

197925345653370123072494076204218468290
136468562706375505670262474630413561472

116253645266777335967614193300383643650
186774889597902638338080451343710041983

18483146210146607472481548350574658588
173467265774195670991957579584292567058

259076236365433497411127452806819801323
164689828782729152637528638530281760439

186262271910205339017660125611786226140
7507152256951302372006682037243460418

160326015624578977836146876694066005752
146162280072633696208204630488008013062

170463112094622498763192554755759001125
119589798085350949140270970568167822104

89250250357781159368714802359904454724
136032248714415517192515799383765295950

42356495089901792139700274748740113522
307713742764643819723285059111128263036

38845480975183659845598880519586803069
2316606333854948391381269218474513383

222839940314433855811648247293360097180
143660792593641695948349773630466884597

287971094900891103798762730738266928501
269949702572788636107923992443229542379

20438082746749537631495500201513849555
223886218583125033851935384129642141752

82840048056328853856723654714347377493
11238709752866953390140280665808133526

99957683909254935751330967233361213011
94335187103565290627244254147629658642

156322401757837449116159835126059247324
134710442567965801569578770885634069315

104793361193938623905271581246355662619
287927056092014586275269660991000540440

306792051474119771565609877568648205032
211943549738543652607451127899898356781

163281056037935690613410860150430130534
279644734098479610613629740143836786058

164585853114438355178593274033286492228
305271840608526209192767817431191390955

>>>>>>>>>   3
190656984958229659194701716681560200307
181089266618212582882819841432082862934

293535400931385922966770528042207977649
217433172858201964115073479748080123514

166701198100521570633524398733702933608
281197854378750249527146358438588727453

200642632987106574910736035907957945371
75427407736766270516492037936292525941

178992277153912512997499062181936398018
96129066992422020111775317125396364149

153319011227615233587717214862848243273
298857344441463894096159638758752081239

7046611200955263335762785003719744077
6688746689841425372121960036042101878

186134385950635520694880708159401082280
48273185441692493760175639102247204170

156826936236139760345796072169521098953
231033629886703790216010922958840808585

242617714221449905945807367141792825227
80320755715026250404734692199332163233

190725491129065728134018474781213921142
196207394234873049902380046647220927437

125571339329220547743459914557924770882
157115148960411816202414795540223621580

58283773094623548068633544328053815649
64937748384096010764294119821012718750

35746649430852242558533678181707275009
227877025771653428436942132017144809338

41870917950752653145393006996958262153
101472455691923049905053529957725167141

232845610522431274018039345444829059025
277042948202809074955044951105488472810

104953254156047762603141640781479004179
12348210942817315933525171515528470483

292587765831393663719839833053276989110
207405841309451738336439135859939305547

102155158554179504484652261085025160428
246653322196598735686102657779264568763

29184063703507421117870787834783884976
2459402465825118419434380743098377798

82738976901163539375449327765123137697
110779711378453029072745894406647322298

219264013332069096139617083572724050835
1867628213887775125651941639060797955

154883292034246464509242883098440705215
279881265914327969768924550130109628242

276682201395329213848705099812595798300
221521658240952751316893571709155152153

139700825395278812884511648468212204772
217725837810041252964749146316258293256

136496912029656003015238312556195194799
28114299954417450416687643701321639162

7331912372747190380760974656933769965
60238592298639351059297976280625721158

215891145816576752686015652932483238245
284950145210572848921803150921675601910

112356460855561394498904131905258698258
238598445624407213325987268091956848619

36896664609793734307198025855773120741
73706569730700722383966470581915675655

306952914036479332678692970472941164168
115830013094853654516656319430710375917

246676827794953763732716266483614244513
183597572009780758555825618576204835883

103907764696452311137873921507139149612
124843144798493281202705736674340969115

Candidate output as Hex: FFFFFFFF
Candidate output as Hex: FFFFFFFF
Candidate output as Hex: FFFFFFFF
Candidate output as Hex: FFFFFFFF

Total Time (Includes connection open/closing)
CPU time  :     7.140000
Wall time :     7.387377
