0, 0, 1, 1, 0, 1, 0, 1, 1, 0, 
+++ 0
123260462738953393869305589905997674671669785493304817535113672103923397687940680077339188787896041433945567169829860907359949711171990912833835652664592352963190580315341416979769318084196130739604137371254454667276929297088149144450635277752520780744036322287472559151949394270393884452788171427791614231900
123260462738953393869305589905997674671669785493304817535113672103923397687940680077339188787896041433945567169829860907359949711171990912833835652664592352963190580315341416979769318084196130739604137371254454667276929297088149144450635277752520780744036322287472559151949394270393884452788171427791614231900

113928761082917569151651557575726678165473372867469647756824841553490560229473014659424589973345729362332367280520108166575157343165257731382160758301664517641976160395895548990004483203338021098967612873201685759906586615360369913054711511917476778949951625194405402872475588176285164557365721040617727925480
113928761082917569151651557575726678165473372867469647756824841553490560229473014659424589973345729362332367280520108166575157343165257731382160758301664517641976160395895548990004483203338021098967612873201685759906586615360369913054711511917476778949951625194405402872475588176285164557365721040617727925480

+++ 1
149072577685318390683014129028248094342571899179944518455555474777472765661127053645908780144678163254182403484597554525238310768286984782238461165859644146980177210163218064094888059445419693397432313199052325519965703938915422202939846109222682344968557176878558634989109263146257293969214564768784935257911
149072577685318390683014129028248094342571899179944518455555474777472765661127053645908780144678163254182403484597554525238310768286984782238461165859644146980177210163218064094888059445419693397432313199052325519965703938915422202939846109222682344968557176878558634989109263146257293969214564768784935257911

170637545938489721113372075397057140269149384842905030724754967088797659873003806781004451792318815833870388359368363265250938678978925133057755149895230867688901298604886499282247415442471537550298943315298789088940701623628304010103048587962484744562032365649800625422623589880962206522980286520258637937820
170637545938489721113372075397057140269149384842905030724754967088797659873003806781004451792318815833870388359368363265250938678978925133057755149895230867688901298604886499282247415442471537550298943315298789088940701623628304010103048587962484744562032365649800625422623589880962206522980286520258637937820

+++ 2
37245618961368929234598965019934451512786685693828652974876671123346848472192201890681388145562043545957654414205362150661239229003830804303040207689853127149136247414319105910374398753039048864433825002664222250578984505503948691002343313843194026622523622578462252656671649981368127132778256143315332654592
37245618961368929234598965019934451512786685693828652974876671123346848472192201890681388145562043545957654414205362150661239229003830804303040207689853127149136247414319105910374398753039048864433825002664222250578984505503948691002343313843194026622523622578462252656671649981368127132778256143315332654592

103553171963196106987146231399432211029291461775518058282360726901038462913283346614273199503868982541931131078097244335630637006138789948708131940215427017381596944063265262282114266962607656305522478104094219252716219554944144100828900957871548788588599466012868244887561017772482821867521250500255030969284
103553171963196106987146231399432211029291461775518058282360726901038462913283346614273199503868982541931131078097244335630637006138789948708131940215427017381596944063265262282114266962607656305522478104094219252716219554944144100828900957871548788588599466012868244887561017772482821867521250500255030969284

+++ 3
15794354220676553592666631492934950728392073942219696164540789665771796120677066542775049312010296407202991521689398674214689204640584653101857498484034154125559025600558186165207785227316925804478211065180106642501040231396080393146383571668295978079923102921940529522532388206134750681900248442779532943718
15794354220676553592666631492934950728392073942219696164540789665771796120677066542775049312010296407202991521689398674214689204640584653101857498484034154125559025600558186165207785227316925804478211065180106642501040231396080393146383571668295978079923102921940529522532388206134750681900248442779532943718

73805859696811457070914683963881444617174434302757561937382945812945444502460110850981303950930122285218882660745161241634972843911603387778364476894549089301361360715312934115736147420761022426298477664133543741815269873165767897824855774922553968969501079294395142144944285454708013152556470164431681907702
73805859696811457070914683963881444617174434302757561937382945812945444502460110850981303950930122285218882660745161241634972843911603387778364476894549089301361360715312934115736147420761022426298477664133543741815269873165767897824855774922553968969501079294395142144944285454708013152556470164431681907702

+++ 4
109118003111375116346532529934006997914463602391830273655194031675182124894070284506604796724771498275879759200759552925926929430996369673255885647673534219375021708670389032786681212109862264746926057643523533553728994716378184412351923137281797149906777216983726431585840857284604300584915751652449301214416
109118003111375116346532529934006997914463602391830273655194031675182124894070284506604796724771498275879759200759552925926929430996369673255885647673534219375021708670389032786681212109862264746926057643523533553728994716378184412351923137281797149906777216983726431585840857284604300584915751652449301214416

123648829595026822692610409532150841188598187766451593877015382458705351649047720982454473493046994692996539037616811881688286827970316265968326296479141432973073608870595772095794495048520994448760595102516650535254497582346881045360717483102970379450270146862885990888914696255657983369901888644055451520869
123648829595026822692610409532150841188598187766451593877015382458705351649047720982454473493046994692996539037616811881688286827970316265968326296479141432973073608870595772095794495048520994448760595102516650535254497582346881045360717483102970379450270146862885990888914696255657983369901888644055451520869

+++ 5
29455509820514961895646012744465585786801882636247651458205628867304544945713063272298657392697768773732030376724045981732989102699046125719743450808785698813505294808721677621640428649590629708959800837317054586057690156640623428489751055054093581022376839782597955852268739608535296994729855890675503754086
29455509820514961895646012744465585786801882636247651458205628867304544945713063272298657392697768773732030376724045981732989102699046125719743450808785698813505294808721677621640428649590629708959800837317054586057690156640623428489751055054093581022376839782597955852268739608535296994729855890675503754086

162582698861648403746169515784568236058602295976293745561352587249970425587654677715307355997670886089246575198532469928291982745826281442793087969473876532575714253743253673180407615406291236840973290088885554544607900559363551203822433301877101646809328483843337152809880836691905292641459126589941684049046
162582698861648403746169515784568236058602295976293745561352587249970425587654677715307355997670886089246575198532469928291982745826281442793087969473876532575714253743253673180407615406291236840973290088885554544607900559363551203822433301877101646809328483843337152809880836691905292641459126589941684049046

+++ 6
44519721882697079186860520857508434869752939613715894254419357682463115377626622029628132238593227350416146413488834838360030370088380829315410680935510391314277743177130094758290223509431250930227522245008167379667677137074000586722032980867606311547208859460992886029470085267791917587635228285074444243133
44519721882697079186860520857508434869752939613715894254419357682463115377626622029628132238593227350416146413488834838360030370088380829315410680935510391314277743177130094758290223509431250930227522245008167379667677137074000586722032980867606311547208859460992886029470085267791917587635228285074444243133

28738276548811304825519032788295786918440016917804664209221113545389941447126583920424936540773541537984026713725364978960310269995011130546697874897202216139959822389454169018104884191922965576174469757522109060770816510069787056404279360279077198207187740862068118627119771054703534582944182773073384448666
28738276548811304825519032788295786918440016917804664209221113545389941447126583920424936540773541537984026713725364978960310269995011130546697874897202216139959822389454169018104884191922965576174469757522109060770816510069787056404279360279077198207187740862068118627119771054703534582944182773073384448666

+++ 7
113592017659404554483685175332822866296173900825269791843113045230022688709176547289109240148307564304453352995326242590635409660768279673210220913537274470878877463371046557558331222626646721312054946414119219851182388983666990478953447225932577735044102562062362302047574245051973288471254622183306649879539
113592017659404554483685175332822866296173900825269791843113045230022688709176547289109240148307564304453352995326242590635409660768279673210220913537274470878877463371046557558331222626646721312054946414119219851182388983666990478953447225932577735044102562062362302047574245051973288471254622183306649879539

57518702084029098123401050598041903179674379756719924927842878524488937023511453053640236891242905144680005835524522534604993002023238906485244445958833478390074111107613828959622217580551002282706077583308054818419574098480892613800657018000942986626116729653217486788754453090321198542097296165706099607055
57518702084029098123401050598041903179674379756719924927842878524488937023511453053640236891242905144680005835524522534604993002023238906485244445958833478390074111107613828959622217580551002282706077583308054818419574098480892613800657018000942986626116729653217486788754453090321198542097296165706099607055

+++ 8
21719222862119717984023214522025836350847187679624719291405129691556335764310617995688954783344372646570945245325683008754638566829583448132429497440870249130193457424869024142436658885840025730334157745573207633459805213653075958711085137971188342335770077029284494107947863413943985338508129042223568089949
21719222862119717984023214522025836350847187679624719291405129691556335764310617995688954783344372646570945245325683008754638566829583448132429497440870249130193457424869024142436658885840025730334157745573207633459805213653075958711085137971188342335770077029284494107947863413943985338508129042223568089949

46242457104953014425883139313608876552505250391786504669638813754009890750325908579897016154354083806018676180294312089093437310194888816688944184418918821536065243987703887168728460469692747848173260611955038981236411815488651756575000914622024187702845852986931966580530662422508396972432879292491054602700
46242457104953014425883139313608876552505250391786504669638813754009890750325908579897016154354083806018676180294312089093437310194888816688944184418918821536065243987703887168728460469692747848173260611955038981236411815488651756575000914622024187702845852986931966580530662422508396972432879292491054602700

+++ 9
99756098477403918063370504806335795117781112018049106210467653967755510977754385606103710059644317466315758376668701555682910301425385980531451153497938467539471962482048790317190168584893329847452102932583060871382056370087172686298213857437466281005915947432378340410403241329441392704179761266220837278187
99756098477403918063370504806335795117781112018049106210467653967755510977754385606103710059644317466315758376668701555682910301425385980531451153497938467539471962482048790317190168584893329847452102932583060871382056370087172686298213857437466281005915947432378340410403241329441392704179761266220837278187

15910473261470377514467852337899468090303052171230381537188007395591383603115203858839893085285612374322509385832428367999320500761386005757753551332709563545695606671806071639351463991911622545826468373356432883001079141837869894793239130894650768983594702476769052725358325544552346339663259253438602079415
15910473261470377514467852337899468090303052171230381537188007395591383603115203858839893085285612374322509385832428367999320500761386005757753551332709563545695606671806071639351463991911622545826468373356432883001079141837869894793239130894650768983594702476769052725358325544552346339663259253438602079415

0  -  0
